set V := 4 5 6 14 15 16 25 35 44 45 46 54 55 56 65 75 85 94 95 96 ;

set E := (1,1) (2,2) (3,3) (4,4) (4,5) (4,6) (4,14) (4,15) (4,16) (4,25) (4,35) (4,44) (4,45) (4,46) (5,4) (5,5) (5,6) (5,14) (5,15) (5,16) (5,25) (5,35) (5,44) (5,45) (5,46) (6,4) (6,5) (6,6) (6,14) (6,15) (6,16) (6,25) (6,35) (6,44) (6,45) (6,46) (7,7) (8,8) (9,9) (10,10) (11,11) (12,12) (13,13) (14,4) (14,5) (14,6) (14,14) (14,15) (14,16) (14,25) (14,35) (14,44) (14,45) (14,46) (14,54) (14,55) (14,56) (15,4) (15,5) (15,6) (15,14) (15,15) (15,16) (15,25) (15,35) (15,44) (15,45) (15,46) (15,54) (15,55) (15,56) (16,4) (16,5) (16,6) (16,14) (16,15) (16,16) (16,25) (16,35) (16,44) (16,45) (16,46) (16,54) (16,55) (16,56) (17,17) (18,18) (19,19) (20,20) (21,21) (22,22) (23,23) (24,24) (25,4) (25,5) (25,6) (25,14) (25,15) (25,16) (25,25) (25,35) (25,44) (25,45) (25,46) (25,54) (25,55) (25,56) (25,65) (26,26) (27,27) (28,28) (29,29) (30,30) (31,31) (32,32) (33,33) (34,34) (35,4) (35,5) (35,6) (35,14) (35,15) (35,16) (35,25) (35,35) (35,44) (35,45) (35,46) (35,54) (35,55) (35,56) (35,65) (35,75) (36,36) (37,37) (38,38) (39,39) (40,40) (41,41) (42,42) (43,43) (44,5) (44,14) (44,15) (44,16) (44,25) (44,35) (44,44) (44,45) (44,46) (44,54) (44,55) (44,56) (44,65) (44,75) (44,85) (45,5) (45,14) (45,15) (45,16) (45,25) (45,35) (45,44) (45,45) (45,46) (45,54) (45,55) (45,56) (45,65) (45,75) (45,85) (46,5) (46,14) (46,15) (46,16) (46,25) (46,35) (46,44) (46,45) (46,46) (46,54) (46,55) (46,56) (46,65) (46,75) (46,85) (47,47) (48,48) (49,49) (50,50) (51,51) (52,52) (53,53) (54,15) (54,25) (54,35) (54,44) (54,45) (54,46) (54,54) (54,55) (54,56) (54,65) (54,75) (54,85) (54,95) (55,15) (55,25) (55,35) (55,44) (55,45) (55,46) (55,54) (55,55) (55,56) (55,65) (55,75) (55,85) (55,95) (56,15) (56,25) (56,35) (56,44) (56,45) (56,46) (56,54) (56,55) (56,56) (56,65) (56,75) (56,85) (56,95) (57,57) (58,58) (59,59) (60,60) (61,61) (62,62) (63,63) (64,64) (65,25) (65,35) (65,44) (65,45) (65,46) (65,54) (65,55) (65,56) (65,65) (65,75) (65,85) (65,94) (65,95) (65,96) (66,66) (67,67) (68,68) (69,69) (70,70) (71,71) (72,72) (73,73) (74,74) (75,35) (75,44) (75,45) (75,46) (75,54) (75,55) (75,56) (75,65) (75,75) (75,85) (75,94) (75,95) (75,96) (76,76) (77,77) (78,78) (79,79) (80,80) (81,81) (82,82) (83,83) (84,84) (85,44) (85,45) (85,46) (85,54) (85,55) (85,56) (85,65) (85,75) (85,85) (85,94) (85,95) (85,96) (86,86) (87,87) (88,88) (89,89) (90,90) (91,91) (92,92) (93,93) (94,54) (94,55) (94,56) (94,65) (94,75) (94,85) (94,94) (94,95) (94,96) (95,54) (95,55) (95,56) (95,65) (95,75) (95,85) (95,94) (95,95) (95,96) (96,54) (96,55) (96,56) (96,65) (96,75) (96,85) (96,94) (96,95) (96,96) (97,97) (98,98) (99,99) (100,100) ;
param T:= 7;
param alpha :=
[4,*] 0 8 1 8 2 4 3 0 4 0 5 0 6 0 7 0 
 [5,*] 0 10 1 10 2 5 3 0 4 0 5 0 6 0 7 0 
 [6,*] 0 8 1 8 2 4 3 0 4 0 5 0 6 0 7 0 
 [14,*] 0 6 1 7 2 5 3 2 4 2 5 1.66666666666667 6 0.666666666666667 7 0 
 [15,*] 0 8 1 10 2 8 3 4 4 4 5 3.33333333333333 6 1.33333333333333 7 0 
 [16,*] 0 6 1 7 2 5 3 2 4 2 5 1.66666666666667 6 0.666666666666667 7 0 
 [25,*] 0 6 1 9 2 9 3 6 4 6 5 5 6 2 7 0 
 [35,*] 0 4 1 8 2 10 3 8 4 8 5 6.66666666666667 6 2.66666666666667 7 0 
 [44,*] 0 0 1 4 2 8 3 8 4 8 5 6.66666666666667 6 2.66666666666667 7 0 
 [45,*] 0 0 1 5 2 10 3 10 4 10 5 8.33333333333333 6 3.33333333333333 7 0 
 [46,*] 0 0 1 4 2 8 3 8 4 8 5 6.66666666666667 6 2.66666666666667 7 0 
 [54,*] 0 0 1 4 2 8 3 8 4 8 5 6.66666666666667 6 2.66666666666667 7 0 
 [55,*] 0 0 1 5 2 10 3 10 4 10 5 8.33333333333333 6 3.33333333333333 7 0 
 [56,*] 0 0 1 4 2 8 3 8 4 8 5 6.66666666666667 6 2.66666666666667 7 0 
 [65,*] 0 0 1 4 2 8 3 8 4 9.33333333333333 5 10 6 6.66666666666667 7 4 
 [75,*] 0 0 1 3 2 6 3 6 4 8 5 10 6 8 7 6 
 [85,*] 0 0 1 2 2 4 3 4 4 6.66666666666667 5 10 6 9.33333333333333 7 8 
 [94,*] 0 0 1 0 2 0 3 0 4 2.66666666666667 5 6.66666666666667 6 8 7 8 
 [95,*] 0 0 1 0 2 0 3 0 4 3.33333333333333 5 8.33333333333333 6 10 7 10 
 [96,*] 0 0 1 0 2 0 3 0 4 2.66666666666667 5 6.66666666666667 6 8 7 8 
;
param beta :=
[1,1,*] 0 1 1 1 2 1 3 1 4 1 5 1 6 1 7 1 
 [2,2,*] 0 1 1 1 2 1 3 1 4 1 5 1 6 1 7 1 
 [3,3,*] 0 1 1 1 2 1 3 1 4 1 5 1 6 1 7 1 
 [4,4,*] 0 0.147161361034061 1 0.147161361034061 2 0.147161361034061 3 0.147161361034061 4 0.147161361034061 5 0.147161361034061 6 0.147161361034061 7 0.147161361034061 
 [4,5,*] 0 0.117846160731977 1 0.117846160731977 2 0.117846160731977 3 0.117846160731977 4 0.117846160731977 5 0.117846160731977 6 0.117846160731977 7 0.117846160731977 
 [4,6,*] 0 0.094370679244076 1 0.094370679244076 2 0.094370679244076 3 0.094370679244076 4 0.094370679244076 5 0.094370679244076 6 0.094370679244076 7 0.094370679244076 
 [4,14,*] 0 0.117694345006375 1 0.117694345006375 2 0.117694345006375 3 0.117694345006375 4 0.117694345006375 5 0.117694345006375 6 0.117694345006375 7 0.117694345006375 
 [4,15,*] 0 0.107345382818288 1 0.107345382818288 2 0.107345382818288 3 0.107345382818288 4 0.107345382818288 5 0.107345382818288 6 0.107345382818288 7 0.107345382818288 
 [4,16,*] 0 0.0894072996232309 1 0.0894072996232309 2 0.0894072996232309 3 0.0894072996232309 4 0.0894072996232309 5 0.0894072996232309 6 0.0894072996232309 7 0.0894072996232309 
 [4,25,*] 0 0.0893029502019534 1 0.0893029502019534 2 0.0893029502019534 3 0.0893029502019534 4 0.0893029502019534 5 0.0893029502019534 6 0.0893029502019534 7 0.0893029502019534 
 [4,35,*] 0 0.0714236000020054 1 0.0714236000020054 2 0.0714236000020054 3 0.0714236000020054 4 0.0714236000020054 5 0.0714236000020054 6 0.0714236000020054 7 0.0714236000020054 
 [4,44,*] 0 0.0541619390638406 1 0.0541619390638406 2 0.0541619390638406 3 0.0541619390638406 4 0.0541619390638406 5 0.0541619390638406 6 0.0541619390638406 7 0.0541619390638406 
 [4,45,*] 0 0.0571243432103527 1 0.0571243432103527 2 0.0571243432103527 3 0.0571243432103527 4 0.0571243432103527 5 0.0571243432103527 6 0.0571243432103527 7 0.0571243432103527 
 [4,46,*] 0 0.0541619390638406 1 0.0541619390638406 2 0.0541619390638406 3 0.0541619390638406 4 0.0541619390638406 5 0.0541619390638406 6 0.0541619390638406 7 0.0541619390638406 
 [5,4,*] 0 0.111276170207732 1 0.111276170207732 2 0.111276170207732 3 0.111276170207732 4 0.111276170207732 5 0.111276170207732 6 0.111276170207732 7 0.111276170207732 
 [5,5,*] 0 0.138957031410393 1 0.138957031410393 2 0.138957031410393 3 0.138957031410393 4 0.138957031410393 5 0.138957031410393 6 0.138957031410393 7 0.138957031410393 
 [5,6,*] 0 0.111276170207732 1 0.111276170207732 2 0.111276170207732 3 0.111276170207732 4 0.111276170207732 5 0.111276170207732 6 0.111276170207732 7 0.111276170207732 
 [5,14,*] 0 0.101360816638473 1 0.101360816638473 2 0.101360816638473 3 0.101360816638473 4 0.101360816638473 5 0.101360816638473 6 0.101360816638473 7 0.101360816638473 
 [5,15,*] 0 0.111132818295226 1 0.111132818295226 2 0.111132818295226 3 0.111132818295226 4 0.111132818295226 5 0.111132818295226 6 0.111132818295226 7 0.111132818295226 
 [5,16,*] 0 0.101360816638473 1 0.101360816638473 2 0.101360816638473 3 0.101360816638473 4 0.101360816638473 5 0.101360816638473 6 0.101360816638473 7 0.101360816638473 
 [5,25,*] 0 0.0888817003711953 1 0.0888817003711953 2 0.0888817003711953 3 0.0888817003711953 4 0.0888817003711953 5 0.0888817003711953 6 0.0888817003711953 7 0.0888817003711953 
 [5,35,*] 0 0.0710866886307132 1 0.0710866886307132 2 0.0710866886307132 3 0.0710866886307132 4 0.0710866886307132 5 0.0710866886307132 6 0.0710866886307132 7 0.0710866886307132 
 [5,44,*] 0 0.0539064524577141 1 0.0539064524577141 2 0.0539064524577141 3 0.0539064524577141 4 0.0539064524577141 5 0.0539064524577141 6 0.0539064524577141 7 0.0539064524577141 
 [5,45,*] 0 0.0568548826846353 1 0.0568548826846353 2 0.0568548826846353 3 0.0568548826846353 4 0.0568548826846353 5 0.0568548826846353 6 0.0568548826846353 7 0.0568548826846353 
 [5,46,*] 0 0.0539064524577141 1 0.0539064524577141 2 0.0539064524577141 3 0.0539064524577141 4 0.0539064524577141 5 0.0539064524577141 6 0.0539064524577141 7 0.0539064524577141 
 [6,4,*] 0 0.094370679244076 1 0.094370679244076 2 0.094370679244076 3 0.094370679244076 4 0.094370679244076 5 0.094370679244076 6 0.094370679244076 7 0.094370679244076 
 [6,5,*] 0 0.117846160731977 1 0.117846160731977 2 0.117846160731977 3 0.117846160731977 4 0.117846160731977 5 0.117846160731977 6 0.117846160731977 7 0.117846160731977 
 [6,6,*] 0 0.147161361034061 1 0.147161361034061 2 0.147161361034061 3 0.147161361034061 4 0.147161361034061 5 0.147161361034061 6 0.147161361034061 7 0.147161361034061 
 [6,14,*] 0 0.0894072996232309 1 0.0894072996232309 2 0.0894072996232309 3 0.0894072996232309 4 0.0894072996232309 5 0.0894072996232309 6 0.0894072996232309 7 0.0894072996232309 
 [6,15,*] 0 0.107345382818288 1 0.107345382818288 2 0.107345382818288 3 0.107345382818288 4 0.107345382818288 5 0.107345382818288 6 0.107345382818288 7 0.107345382818288 
 [6,16,*] 0 0.117694345006375 1 0.117694345006375 2 0.117694345006375 3 0.117694345006375 4 0.117694345006375 5 0.117694345006375 6 0.117694345006375 7 0.117694345006375 
 [6,25,*] 0 0.0893029502019534 1 0.0893029502019534 2 0.0893029502019534 3 0.0893029502019534 4 0.0893029502019534 5 0.0893029502019534 6 0.0893029502019534 7 0.0893029502019534 
 [6,35,*] 0 0.0714236000020054 1 0.0714236000020054 2 0.0714236000020054 3 0.0714236000020054 4 0.0714236000020054 5 0.0714236000020054 6 0.0714236000020054 7 0.0714236000020054 
 [6,44,*] 0 0.0541619390638406 1 0.0541619390638406 2 0.0541619390638406 3 0.0541619390638406 4 0.0541619390638406 5 0.0541619390638406 6 0.0541619390638406 7 0.0541619390638406 
 [6,45,*] 0 0.0571243432103527 1 0.0571243432103527 2 0.0571243432103527 3 0.0571243432103527 4 0.0571243432103527 5 0.0571243432103527 6 0.0571243432103527 7 0.0571243432103527 
 [6,46,*] 0 0.0541619390638406 1 0.0541619390638406 2 0.0541619390638406 3 0.0541619390638406 4 0.0541619390638406 5 0.0541619390638406 6 0.0541619390638406 7 0.0541619390638406 
 [7,7,*] 0 1 1 1 2 1 3 1 4 1 5 1 6 1 7 1 
 [8,8,*] 0 1 1 1 2 1 3 1 4 1 5 1 6 1 7 1 
 [9,9,*] 0 1 1 1 2 1 3 1 4 1 5 1 6 1 7 1 
 [10,10,*] 0 1 1 1 2 1 3 1 4 1 5 1 6 1 7 1 
 [11,11,*] 0 1 1 1 2 1 3 1 4 1 5 1 6 1 7 1 
 [12,12,*] 0 1 1 1 2 1 3 1 4 1 5 1 6 1 7 1 
 [13,13,*] 0 1 1 1 2 1 3 1 4 1 5 1 6 1 7 1 
 [14,4,*] 0 0.0951492063380042 1 0.0951492063380042 2 0.0951492063380042 3 0.0951492063380042 4 0.0951492063380042 5 0.0951492063380042 6 0.0951492063380042 7 0.0951492063380042 
 [14,5,*] 0 0.0867826570482729 1 0.0867826570482729 2 0.0867826570482729 3 0.0867826570482729 4 0.0867826570482729 5 0.0867826570482729 6 0.0867826570482729 7 0.0867826570482729 
 [14,6,*] 0 0.0722807336199016 1 0.0722807336199016 2 0.0722807336199016 3 0.0722807336199016 4 0.0722807336199016 5 0.0722807336199016 6 0.0722807336199016 7 0.0722807336199016 
 [14,14,*] 0 0.118971618434624 1 0.118971618434624 2 0.118971618434624 3 0.118971618434624 4 0.118971618434624 5 0.118971618434624 6 0.118971618434624 7 0.118971618434624 
 [14,15,*] 0 0.0951685760332529 1 0.0951685760332529 2 0.0951685760332529 3 0.0951685760332529 4 0.0951685760332529 5 0.0951685760332529 6 0.0951685760332529 7 0.0951685760332529 
 [14,16,*] 0 0.0761278864939875 1 0.0761278864939875 2 0.0761278864939875 3 0.0761278864939875 4 0.0761278864939875 5 0.0761278864939875 6 0.0761278864939875 7 0.0761278864939875 
 [14,25,*] 0 0.0867255263896716 1 0.0867255263896716 2 0.0867255263896716 3 0.0867255263896716 4 0.0867255263896716 5 0.0867255263896716 6 0.0867255263896716 7 0.0867255263896716 
 [14,35,*] 0 0.0721721118472561 1 0.0721721118472561 2 0.0721721118472561 3 0.0721721118472561 4 0.0721721118472561 5 0.0721721118472561 6 0.0721721118472561 7 0.0721721118472561 
 [14,44,*] 0 0.0525987401869075 1 0.0525987401869075 2 0.0525987401869075 3 0.0525987401869075 4 0.0525987401869075 5 0.0525987401869075 6 0.0525987401869075 7 0.0525987401869075 
 [14,45,*] 0 0.0577230003425039 1 0.0577230003425039 2 0.0577230003425039 3 0.0577230003425039 4 0.0577230003425039 5 0.0577230003425039 6 0.0577230003425039 7 0.0577230003425039 
 [14,46,*] 0 0.0525987401869075 1 0.0525987401869075 2 0.0525987401869075 3 0.0525987401869075 4 0.0525987401869075 5 0.0525987401869075 6 0.0525987401869075 7 0.0525987401869075 
 [14,54,*] 0 0.0437672125049915 1 0.0437672125049915 2 0.0437672125049915 3 0.0437672125049915 4 0.0437672125049915 5 0.0437672125049915 6 0.0437672125049915 7 0.0437672125049915 
 [14,55,*] 0 0.0461667780687272 1 0.0461667780687272 2 0.0461667780687272 3 0.0461667780687272 4 0.0461667780687272 5 0.0461667780687272 6 0.0461667780687272 7 0.0461667780687272 
 [14,56,*] 0 0.0437672125049915 1 0.0437672125049915 2 0.0437672125049915 3 0.0437672125049915 4 0.0437672125049915 5 0.0437672125049915 6 0.0437672125049915 7 0.0437672125049915 
 [15,4,*] 0 0.0813677563088686 1 0.0813677563088686 2 0.0813677563088686 3 0.0813677563088686 4 0.0813677563088686 5 0.0813677563088686 6 0.0813677563088686 7 0.0813677563088686 
 [15,5,*] 0 0.0892122654182673 1 0.0892122654182673 2 0.0892122654182673 3 0.0892122654182673 4 0.0892122654182673 5 0.0892122654182673 6 0.0892122654182673 7 0.0892122654182673 
 [15,6,*] 0 0.0813677563088686 1 0.0813677563088686 2 0.0813677563088686 3 0.0813677563088686 4 0.0813677563088686 5 0.0813677563088686 6 0.0813677563088686 7 0.0813677563088686 
 [15,14,*] 0 0.0892304265197636 1 0.0892304265197636 2 0.0892304265197636 3 0.0892304265197636 4 0.0892304265197636 5 0.0892304265197636 6 0.0892304265197636 7 0.0892304265197636 
 [15,15,*] 0 0.111548251525364 1 0.111548251525364 2 0.111548251525364 3 0.111548251525364 4 0.111548251525364 5 0.111548251525364 6 0.111548251525364 7 0.111548251525364 
 [15,16,*] 0 0.0892304265197636 1 0.0892304265197636 2 0.0892304265197636 3 0.0892304265197636 4 0.0892304265197636 5 0.0892304265197636 6 0.0892304265197636 7 0.0892304265197636 
 [15,25,*] 0 0.0892139551673194 1 0.0892139551673194 2 0.0892139551673194 3 0.0892139551673194 4 0.0892139551673194 5 0.0892139551673194 6 0.0892139551673194 7 0.0892139551673194 
 [15,35,*] 0 0.0713524226697729 1 0.0713524226697729 2 0.0713524226697729 3 0.0713524226697729 4 0.0713524226697729 5 0.0713524226697729 6 0.0713524226697729 7 0.0713524226697729 
 [15,44,*] 0 0.0541079638745334 1 0.0541079638745334 2 0.0541079638745334 3 0.0541079638745334 4 0.0541079638745334 5 0.0541079638745334 6 0.0541079638745334 7 0.0541079638745334 
 [15,45,*] 0 0.0570674158312353 1 0.0570674158312353 2 0.0570674158312353 3 0.0570674158312353 4 0.0570674158312353 5 0.0570674158312353 6 0.0570674158312353 7 0.0570674158312353 
 [15,46,*] 0 0.0541079638745334 1 0.0541079638745334 2 0.0541079638745334 3 0.0541079638745334 4 0.0541079638745334 5 0.0541079638745334 6 0.0541079638745334 7 0.0541079638745334 
 [15,54,*] 0 0.0432754767618501 1 0.0432754767618501 2 0.0432754767618501 3 0.0432754767618501 4 0.0432754767618501 5 0.0432754767618501 6 0.0432754767618501 7 0.0432754767618501 
 [15,55,*] 0 0.0456424424580097 1 0.0456424424580097 2 0.0456424424580097 3 0.0456424424580097 4 0.0456424424580097 5 0.0456424424580097 6 0.0456424424580097 7 0.0456424424580097 
 [15,56,*] 0 0.0432754767618501 1 0.0432754767618501 2 0.0432754767618501 3 0.0432754767618501 4 0.0432754767618501 5 0.0432754767618501 6 0.0432754767618501 7 0.0432754767618501 
 [16,4,*] 0 0.0722807336199016 1 0.0722807336199016 2 0.0722807336199016 3 0.0722807336199016 4 0.0722807336199016 5 0.0722807336199016 6 0.0722807336199016 7 0.0722807336199016 
 [16,5,*] 0 0.0867826570482729 1 0.0867826570482729 2 0.0867826570482729 3 0.0867826570482729 4 0.0867826570482729 5 0.0867826570482729 6 0.0867826570482729 7 0.0867826570482729 
 [16,6,*] 0 0.0951492063380042 1 0.0951492063380042 2 0.0951492063380042 3 0.0951492063380042 4 0.0951492063380042 5 0.0951492063380042 6 0.0951492063380042 7 0.0951492063380042 
 [16,14,*] 0 0.0761278864939875 1 0.0761278864939875 2 0.0761278864939875 3 0.0761278864939875 4 0.0761278864939875 5 0.0761278864939875 6 0.0761278864939875 7 0.0761278864939875 
 [16,15,*] 0 0.0951685760332529 1 0.0951685760332529 2 0.0951685760332529 3 0.0951685760332529 4 0.0951685760332529 5 0.0951685760332529 6 0.0951685760332529 7 0.0951685760332529 
 [16,16,*] 0 0.118971618434624 1 0.118971618434624 2 0.118971618434624 3 0.118971618434624 4 0.118971618434624 5 0.118971618434624 6 0.118971618434624 7 0.118971618434624 
 [16,25,*] 0 0.0867255263896716 1 0.0867255263896716 2 0.0867255263896716 3 0.0867255263896716 4 0.0867255263896716 5 0.0867255263896716 6 0.0867255263896716 7 0.0867255263896716 
 [16,35,*] 0 0.0721721118472561 1 0.0721721118472561 2 0.0721721118472561 3 0.0721721118472561 4 0.0721721118472561 5 0.0721721118472561 6 0.0721721118472561 7 0.0721721118472561 
 [16,44,*] 0 0.0525987401869075 1 0.0525987401869075 2 0.0525987401869075 3 0.0525987401869075 4 0.0525987401869075 5 0.0525987401869075 6 0.0525987401869075 7 0.0525987401869075 
 [16,45,*] 0 0.0577230003425039 1 0.0577230003425039 2 0.0577230003425039 3 0.0577230003425039 4 0.0577230003425039 5 0.0577230003425039 6 0.0577230003425039 7 0.0577230003425039 
 [16,46,*] 0 0.0525987401869075 1 0.0525987401869075 2 0.0525987401869075 3 0.0525987401869075 4 0.0525987401869075 5 0.0525987401869075 6 0.0525987401869075 7 0.0525987401869075 
 [16,54,*] 0 0.0437672125049915 1 0.0437672125049915 2 0.0437672125049915 3 0.0437672125049915 4 0.0437672125049915 5 0.0437672125049915 6 0.0437672125049915 7 0.0437672125049915 
 [16,55,*] 0 0.0461667780687272 1 0.0461667780687272 2 0.0461667780687272 3 0.0461667780687272 4 0.0461667780687272 5 0.0461667780687272 6 0.0461667780687272 7 0.0461667780687272 
 [16,56,*] 0 0.0437672125049915 1 0.0437672125049915 2 0.0437672125049915 3 0.0437672125049915 4 0.0437672125049915 5 0.0437672125049915 6 0.0437672125049915 7 0.0437672125049915 
 [17,17,*] 0 1 1 1 2 1 3 1 4 1 5 1 6 1 7 1 
 [18,18,*] 0 1 1 1 2 1 3 1 4 1 5 1 6 1 7 1 
 [19,19,*] 0 1 1 1 2 1 3 1 4 1 5 1 6 1 7 1 
 [20,20,*] 0 1 1 1 2 1 3 1 4 1 5 1 6 1 7 1 
 [21,21,*] 0 1 1 1 2 1 3 1 4 1 5 1 6 1 7 1 
 [22,22,*] 0 1 1 1 2 1 3 1 4 1 5 1 6 1 7 1 
 [23,23,*] 0 1 1 1 2 1 3 1 4 1 5 1 6 1 7 1 
 [24,24,*] 0 1 1 1 2 1 3 1 4 1 5 1 6 1 7 1 
 [25,4,*] 0 0.0628560147402033 1 0.0628560147402033 2 0.0628560147402033 3 0.0628560147402033 4 0.0628560147402033 5 0.0628560147402033 6 0.0628560147402033 7 0.0628560147402033 
 [25,5,*] 0 0.0662531693104733 1 0.0662531693104733 2 0.0662531693104733 3 0.0662531693104733 4 0.0662531693104733 5 0.0662531693104733 6 0.0662531693104733 7 0.0662531693104733 
 [25,6,*] 0 0.0628560147402033 1 0.0628560147402033 2 0.0628560147402033 3 0.0628560147402033 4 0.0628560147402033 5 0.0628560147402033 6 0.0628560147402033 7 0.0628560147402033 
 [25,14,*] 0 0.0755054684394212 1 0.0755054684394212 2 0.0755054684394212 3 0.0755054684394212 4 0.0755054684394212 5 0.0755054684394212 6 0.0755054684394212 7 0.0755054684394212 
 [25,15,*] 0 0.0828409093743734 1 0.0828409093743734 2 0.0828409093743734 3 0.0828409093743734 4 0.0828409093743734 5 0.0828409093743734 6 0.0828409093743734 7 0.0828409093743734 
 [25,16,*] 0 0.0755054684394212 1 0.0755054684394212 2 0.0755054684394212 3 0.0755054684394212 4 0.0755054684394212 5 0.0755054684394212 6 0.0755054684394212 7 0.0755054684394212 
 [25,25,*] 0 0.103579743529492 1 0.103579743529492 2 0.103579743529492 3 0.103579743529492 4 0.103579743529492 5 0.103579743529492 6 0.103579743529492 7 0.103579743529492 
 [25,35,*] 0 0.0828420354918902 1 0.0828420354918902 2 0.0828420354918902 3 0.0828420354918902 4 0.0828420354918902 5 0.0828420354918902 6 0.0828420354918902 7 0.0828420354918902 
 [25,44,*] 0 0.0628207662188729 1 0.0628207662188729 2 0.0628207662188729 3 0.0628207662188729 4 0.0628207662188729 5 0.0628207662188729 6 0.0628207662188729 7 0.0628207662188729 
 [25,45,*] 0 0.0662567676167273 1 0.0662567676167273 2 0.0662567676167273 3 0.0662567676167273 4 0.0662567676167273 5 0.0662567676167273 6 0.0662567676167273 7 0.0662567676167273 
 [25,46,*] 0 0.0628207662188729 1 0.0628207662188729 2 0.0628207662188729 3 0.0628207662188729 4 0.0628207662188729 5 0.0628207662188729 6 0.0628207662188729 7 0.0628207662188729 
 [25,54,*] 0 0.0502439643629982 1 0.0502439643629982 2 0.0502439643629982 3 0.0502439643629982 4 0.0502439643629982 5 0.0502439643629982 6 0.0502439643629982 7 0.0502439643629982 
 [25,55,*] 0 0.0529920736614987 1 0.0529920736614987 2 0.0529920736614987 3 0.0529920736614987 4 0.0529920736614987 5 0.0529920736614987 6 0.0529920736614987 7 0.0529920736614987 
 [25,56,*] 0 0.0502439643629982 1 0.0502439643629982 2 0.0502439643629982 3 0.0502439643629982 4 0.0502439643629982 5 0.0502439643629982 6 0.0502439643629982 7 0.0502439643629982 
 [25,65,*] 0 0.0423828734925536 1 0.0423828734925536 2 0.0423828734925536 3 0.0423828734925536 4 0.0423828734925536 5 0.0423828734925536 6 0.0423828734925536 7 0.0423828734925536 
 [26,26,*] 0 1 1 1 2 1 3 1 4 1 5 1 6 1 7 1 
 [27,27,*] 0 1 1 1 2 1 3 1 4 1 5 1 6 1 7 1 
 [28,28,*] 0 1 1 1 2 1 3 1 4 1 5 1 6 1 7 1 
 [29,29,*] 0 1 1 1 2 1 3 1 4 1 5 1 6 1 7 1 
 [30,30,*] 0 1 1 1 2 1 3 1 4 1 5 1 6 1 7 1 
 [31,31,*] 0 1 1 1 2 1 3 1 4 1 5 1 6 1 7 1 
 [32,32,*] 0 1 1 1 2 1 3 1 4 1 5 1 6 1 7 1 
 [33,33,*] 0 1 1 1 2 1 3 1 4 1 5 1 6 1 7 1 
 [34,34,*] 0 1 1 1 2 1 3 1 4 1 5 1 6 1 7 1 
 [35,4,*] 0 0.0477468229993994 1 0.0477468229993994 2 0.0477468229993994 3 0.0477468229993994 4 0.0477468229993994 5 0.0477468229993994 6 0.0477468229993994 7 0.0477468229993994 
 [35,5,*] 0 0.0503273769629095 1 0.0503273769629095 2 0.0503273769629095 3 0.0503273769629095 4 0.0503273769629095 5 0.0503273769629095 6 0.0503273769629095 7 0.0503273769629095 
 [35,6,*] 0 0.0477468229993994 1 0.0477468229993994 2 0.0477468229993994 3 0.0477468229993994 4 0.0477468229993994 5 0.0477468229993994 6 0.0477468229993994 7 0.0477468229993994 
 [35,14,*] 0 0.0596791436771468 1 0.0596791436771468 2 0.0596791436771468 3 0.0596791436771468 4 0.0596791436771468 5 0.0596791436771468 6 0.0596791436771468 7 0.0596791436771468 
 [35,15,*] 0 0.0629277922463892 1 0.0629277922463892 2 0.0629277922463892 3 0.0629277922463892 4 0.0629277922463892 5 0.0629277922463892 6 0.0629277922463892 7 0.0629277922463892 
 [35,16,*] 0 0.0596791436771468 1 0.0596791436771468 2 0.0596791436771468 3 0.0596791436771468 4 0.0596791436771468 5 0.0596791436771468 6 0.0596791436771468 7 0.0596791436771468 
 [35,25,*] 0 0.0786814706765457 1 0.0786814706765457 2 0.0786814706765457 3 0.0786814706765457 4 0.0786814706765457 5 0.0786814706765457 6 0.0786814706765457 7 0.0786814706765457 
 [35,35,*] 0 0.0983776714901899 1 0.0983776714901899 2 0.0983776714901899 3 0.0983776714901899 4 0.0983776714901899 5 0.0983776714901899 6 0.0983776714901899 7 0.0983776714901899 
 [35,44,*] 0 0.0716592120474081 1 0.0716592120474081 2 0.0716592120474081 3 0.0716592120474081 4 0.0716592120474081 5 0.0716592120474081 6 0.0716592120474081 7 0.0716592120474081 
 [35,45,*] 0 0.0786821144591305 1 0.0786821144591305 2 0.0786821144591305 3 0.0786821144591305 4 0.0786821144591305 5 0.0786821144591305 6 0.0786821144591305 7 0.0786821144591305 
 [35,46,*] 0 0.0716592120474081 1 0.0716592120474081 2 0.0716592120474081 3 0.0716592120474081 4 0.0716592120474081 5 0.0716592120474081 6 0.0716592120474081 7 0.0716592120474081 
 [35,54,*] 0 0.0596590060017911 1 0.0596590060017911 2 0.0596590060017911 3 0.0596590060017911 4 0.0596590060017911 5 0.0596590060017911 6 0.0596590060017911 7 0.0596590060017911 
 [35,55,*] 0 0.0629298493608986 1 0.0629298493608986 2 0.0629298493608986 3 0.0629298493608986 4 0.0629298493608986 5 0.0629298493608986 6 0.0629298493608986 7 0.0629298493608986 
 [35,56,*] 0 0.0596590060017911 1 0.0596590060017911 2 0.0596590060017911 3 0.0596590060017911 4 0.0596590060017911 5 0.0596590060017911 6 0.0596590060017911 7 0.0596590060017911 
 [35,65,*] 0 0.0503310714241068 1 0.0503310714241068 2 0.0503310714241068 3 0.0503310714241068 4 0.0503310714241068 5 0.0503310714241068 6 0.0503310714241068 7 0.0503310714241068 
 [35,75,*] 0 0.0402542839283392 1 0.0402542839283392 2 0.0402542839283392 3 0.0402542839283392 4 0.0402542839283392 5 0.0402542839283392 6 0.0402542839283392 7 0.0402542839283392 
 [36,36,*] 0 1 1 1 2 1 3 1 4 1 5 1 6 1 7 1 
 [37,37,*] 0 1 1 1 2 1 3 1 4 1 5 1 6 1 7 1 
 [38,38,*] 0 1 1 1 2 1 3 1 4 1 5 1 6 1 7 1 
 [39,39,*] 0 1 1 1 2 1 3 1 4 1 5 1 6 1 7 1 
 [40,40,*] 0 1 1 1 2 1 3 1 4 1 5 1 6 1 7 1 
 [41,41,*] 0 1 1 1 2 1 3 1 4 1 5 1 6 1 7 1 
 [42,42,*] 0 1 1 1 2 1 3 1 4 1 5 1 6 1 7 1 
 [43,43,*] 0 1 1 1 2 1 3 1 4 1 5 1 6 1 7 1 
 [44,5,*] 0 0.0392750007243858 1 0.0392750007243858 2 0.0392750007243858 3 0.0392750007243858 4 0.0392750007243858 5 0.0392750007243858 6 0.0392750007243858 7 0.0392750007243858 
 [44,14,*] 0 0.0447597806794214 1 0.0447597806794214 2 0.0447597806794214 3 0.0447597806794214 4 0.0447597806794214 5 0.0447597806794214 6 0.0447597806794214 7 0.0447597806794214 
 [44,15,*] 0 0.0491082435685528 1 0.0491082435685528 2 0.0491082435685528 3 0.0491082435685528 4 0.0491082435685528 5 0.0491082435685528 6 0.0491082435685528 7 0.0491082435685528 
 [44,16,*] 0 0.0447597806794214 1 0.0447597806794214 2 0.0447597806794214 3 0.0447597806794214 4 0.0447597806794214 5 0.0447597806794214 6 0.0447597806794214 7 0.0447597806794214 
 [44,25,*] 0 0.0614022626312218 1 0.0614022626312218 2 0.0614022626312218 3 0.0614022626312218 4 0.0614022626312218 5 0.0614022626312218 6 0.0614022626312218 7 0.0614022626312218 
 [44,35,*] 0 0.0737448109344935 1 0.0737448109344935 2 0.0737448109344935 3 0.0737448109344935 4 0.0737448109344935 5 0.0737448109344935 6 0.0737448109344935 7 0.0737448109344935 
 [44,44,*] 0 0.101240895300665 1 0.101240895300665 2 0.101240895300665 3 0.101240895300665 4 0.101240895300665 5 0.101240895300665 6 0.101240895300665 7 0.101240895300665 
 [44,45,*] 0 0.0808532837686806 1 0.0808532837686806 2 0.0808532837686806 3 0.0808532837686806 4 0.0808532837686806 5 0.0808532837686806 6 0.0808532837686806 7 0.0808532837686806 
 [44,46,*] 0 0.064571273068699 1 0.064571273068699 2 0.064571273068699 3 0.064571273068699 4 0.064571273068699 5 0.064571273068699 6 0.064571273068699 7 0.064571273068699 
 [44,54,*] 0 0.0809723319489925 1 0.0809723319489925 2 0.0809723319489925 3 0.0809723319489925 4 0.0809723319489925 5 0.0809723319489925 6 0.0809723319489925 7 0.0809723319489925 
 [44,55,*] 0 0.0737378318455381 1 0.0737378318455381 2 0.0737378318455381 3 0.0737378318455381 4 0.0737378318455381 5 0.0737378318455381 6 0.0737378318455381 7 0.0737378318455381 
 [44,56,*] 0 0.0612706820771732 1 0.0612706820771732 2 0.0612706820771732 3 0.0612706820771732 4 0.0612706820771732 5 0.0612706820771732 6 0.0612706820771732 7 0.0612706820771732 
 [44,65,*] 0 0.0613953460056366 1 0.0613953460056366 2 0.0613953460056366 3 0.0613953460056366 4 0.0613953460056366 5 0.0613953460056366 6 0.0613953460056366 7 0.0613953460056366 
 [44,75,*] 0 0.0491094471006902 1 0.0491094471006902 2 0.0491094471006902 3 0.0491094471006902 4 0.0491094471006902 5 0.0491094471006902 6 0.0491094471006902 7 0.0491094471006902 
 [44,85,*] 0 0.0392767071829592 1 0.0392767071829592 2 0.0392767071829592 3 0.0392767071829592 4 0.0392767071829592 5 0.0392767071829592 6 0.0392767071829592 7 0.0392767071829592 
 [45,5,*] 0 0.0388889036502064 1 0.0388889036502064 2 0.0388889036502064 3 0.0388889036502064 4 0.0388889036502064 5 0.0388889036502064 6 0.0388889036502064 7 0.0388889036502064 
 [45,14,*] 0 0.0461151883615516 1 0.0461151883615516 2 0.0461151883615516 3 0.0461151883615516 4 0.0461151883615516 5 0.0461151883615516 6 0.0461151883615516 7 0.0461151883615516 
 [45,15,*] 0 0.048625479754162 1 0.048625479754162 2 0.048625479754162 3 0.048625479754162 4 0.048625479754162 5 0.048625479754162 6 0.048625479754162 7 0.048625479754162 
 [45,16,*] 0 0.0461151883615516 1 0.0461151883615516 2 0.0461151883615516 3 0.0461151883615516 4 0.0461151883615516 5 0.0461151883615516 6 0.0461151883615516 7 0.0461151883615516 
 [45,25,*] 0 0.0607986411541332 1 0.0607986411541332 2 0.0607986411541332 3 0.0607986411541332 4 0.0607986411541332 5 0.0607986411541332 6 0.0607986411541332 7 0.0607986411541332 
 [45,35,*] 0 0.0760182631956601 1 0.0760182631956601 2 0.0760182631956601 3 0.0760182631956601 4 0.0760182631956601 5 0.0760182631956601 6 0.0760182631956601 7 0.0760182631956601 
 [45,44,*] 0 0.0759067060033852 1 0.0759067060033852 2 0.0759067060033852 3 0.0759067060033852 4 0.0759067060033852 5 0.0759067060033852 6 0.0759067060033852 7 0.0759067060033852 
 [45,45,*] 0 0.0950470100520998 1 0.0950470100520998 2 0.0950470100520998 3 0.0950470100520998 4 0.0950470100520998 5 0.0950470100520998 6 0.0950470100520998 7 0.0950470100520998 
 [45,46,*] 0 0.0759067060033852 1 0.0759067060033852 2 0.0759067060033852 3 0.0759067060033852 4 0.0759067060033852 5 0.0759067060033852 6 0.0759067060033852 7 0.0759067060033852 
 [45,54,*] 0 0.0692265751288441 1 0.0692265751288441 2 0.0692265751288441 3 0.0692265751288441 4 0.0692265751288441 5 0.0692265751288441 6 0.0692265751288441 7 0.0692265751288441 
 [45,55,*] 0 0.0760184708545077 1 0.0760184708545077 2 0.0760184708545077 3 0.0760184708545077 4 0.0760184708545077 5 0.0760184708545077 6 0.0760184708545077 7 0.0760184708545077 
 [45,56,*] 0 0.0692265751288441 1 0.0692265751288441 2 0.0692265751288441 3 0.0692265751288441 4 0.0692265751288441 5 0.0692265751288441 6 0.0692265751288441 7 0.0692265751288441 
 [45,65,*] 0 0.0607993047017676 1 0.0607993047017676 2 0.0607993047017676 3 0.0607993047017676 4 0.0607993047017676 5 0.0607993047017676 6 0.0607993047017676 7 0.0607993047017676 
 [45,75,*] 0 0.0486266714548486 1 0.0486266714548486 2 0.0486266714548486 3 0.0486266714548486 4 0.0486266714548486 5 0.0486266714548486 6 0.0486266714548486 7 0.0486266714548486 
 [45,85,*] 0 0.0388905933332572 1 0.0388905933332572 2 0.0388905933332572 3 0.0388905933332572 4 0.0388905933332572 5 0.0388905933332572 6 0.0388905933332572 7 0.0388905933332572 
 [46,5,*] 0 0.0392750007243858 1 0.0392750007243858 2 0.0392750007243858 3 0.0392750007243858 4 0.0392750007243858 5 0.0392750007243858 6 0.0392750007243858 7 0.0392750007243858 
 [46,14,*] 0 0.0447597806794214 1 0.0447597806794214 2 0.0447597806794214 3 0.0447597806794214 4 0.0447597806794214 5 0.0447597806794214 6 0.0447597806794214 7 0.0447597806794214 
 [46,15,*] 0 0.0491082435685528 1 0.0491082435685528 2 0.0491082435685528 3 0.0491082435685528 4 0.0491082435685528 5 0.0491082435685528 6 0.0491082435685528 7 0.0491082435685528 
 [46,16,*] 0 0.0447597806794214 1 0.0447597806794214 2 0.0447597806794214 3 0.0447597806794214 4 0.0447597806794214 5 0.0447597806794214 6 0.0447597806794214 7 0.0447597806794214 
 [46,25,*] 0 0.0614022626312218 1 0.0614022626312218 2 0.0614022626312218 3 0.0614022626312218 4 0.0614022626312218 5 0.0614022626312218 6 0.0614022626312218 7 0.0614022626312218 
 [46,35,*] 0 0.0737448109344935 1 0.0737448109344935 2 0.0737448109344935 3 0.0737448109344935 4 0.0737448109344935 5 0.0737448109344935 6 0.0737448109344935 7 0.0737448109344935 
 [46,44,*] 0 0.064571273068699 1 0.064571273068699 2 0.064571273068699 3 0.064571273068699 4 0.064571273068699 5 0.064571273068699 6 0.064571273068699 7 0.064571273068699 
 [46,45,*] 0 0.0808532837686806 1 0.0808532837686806 2 0.0808532837686806 3 0.0808532837686806 4 0.0808532837686806 5 0.0808532837686806 6 0.0808532837686806 7 0.0808532837686806 
 [46,46,*] 0 0.101240895300665 1 0.101240895300665 2 0.101240895300665 3 0.101240895300665 4 0.101240895300665 5 0.101240895300665 6 0.101240895300665 7 0.101240895300665 
 [46,54,*] 0 0.0612706820771732 1 0.0612706820771732 2 0.0612706820771732 3 0.0612706820771732 4 0.0612706820771732 5 0.0612706820771732 6 0.0612706820771732 7 0.0612706820771732 
 [46,55,*] 0 0.0737378318455381 1 0.0737378318455381 2 0.0737378318455381 3 0.0737378318455381 4 0.0737378318455381 5 0.0737378318455381 6 0.0737378318455381 7 0.0737378318455381 
 [46,56,*] 0 0.0809723319489925 1 0.0809723319489925 2 0.0809723319489925 3 0.0809723319489925 4 0.0809723319489925 5 0.0809723319489925 6 0.0809723319489925 7 0.0809723319489925 
 [46,65,*] 0 0.0613953460056366 1 0.0613953460056366 2 0.0613953460056366 3 0.0613953460056366 4 0.0613953460056366 5 0.0613953460056366 6 0.0613953460056366 7 0.0613953460056366 
 [46,75,*] 0 0.0491094471006902 1 0.0491094471006902 2 0.0491094471006902 3 0.0491094471006902 4 0.0491094471006902 5 0.0491094471006902 6 0.0491094471006902 7 0.0491094471006902 
 [46,85,*] 0 0.0392767071829592 1 0.0392767071829592 2 0.0392767071829592 3 0.0392767071829592 4 0.0392767071829592 5 0.0392767071829592 6 0.0392767071829592 7 0.0392767071829592 
 [47,47,*] 0 1 1 1 2 1 3 1 4 1 5 1 6 1 7 1 
 [48,48,*] 0 1 1 1 2 1 3 1 4 1 5 1 6 1 7 1 
 [49,49,*] 0 1 1 1 2 1 3 1 4 1 5 1 6 1 7 1 
 [50,50,*] 0 1 1 1 2 1 3 1 4 1 5 1 6 1 7 1 
 [51,51,*] 0 1 1 1 2 1 3 1 4 1 5 1 6 1 7 1 
 [52,52,*] 0 1 1 1 2 1 3 1 4 1 5 1 6 1 7 1 
 [53,53,*] 0 1 1 1 2 1 3 1 4 1 5 1 6 1 7 1 
 [54,15,*] 0 0.0398760713878685 1 0.0398760713878685 2 0.0398760713878685 3 0.0398760713878685 4 0.0398760713878685 5 0.0398760713878685 6 0.0398760713878685 7 0.0398760713878685 
 [54,25,*] 0 0.0498588593306393 1 0.0498588593306393 2 0.0498588593306393 3 0.0498588593306393 4 0.0498588593306393 5 0.0498588593306393 6 0.0498588593306393 7 0.0498588593306393 
 [54,35,*] 0 0.0623322415700327 1 0.0623322415700327 2 0.0623322415700327 3 0.0623322415700327 4 0.0623322415700327 5 0.0623322415700327 6 0.0623322415700327 7 0.0623322415700327 
 [54,44,*] 0 0.0822079731429497 1 0.0822079731429497 2 0.0822079731429497 3 0.0822079731429497 4 0.0822079731429497 5 0.0822079731429497 6 0.0822079731429497 7 0.0822079731429497 
 [54,45,*] 0 0.0748630742633906 1 0.0748630742633906 2 0.0748630742633906 3 0.0748630742633906 4 0.0748630742633906 5 0.0748630742633906 6 0.0748630742633906 7 0.0748630742633906 
 [54,46,*] 0 0.0622056752647734 1 0.0622056752647734 2 0.0622056752647734 3 0.0622056752647734 4 0.0622056752647734 5 0.0622056752647734 6 0.0622056752647734 7 0.0622056752647734 
 [54,54,*] 0 0.102785835624545 1 0.102785835624545 2 0.102785835624545 3 0.102785835624545 4 0.102785835624545 5 0.102785835624545 6 0.102785835624545 7 0.102785835624545 
 [54,55,*] 0 0.0820871082823951 1 0.0820871082823951 2 0.0820871082823951 3 0.0820871082823951 4 0.0820871082823951 5 0.0820871082823951 6 0.0820871082823951 7 0.0820871082823951 
 [54,56,*] 0 0.0655566334137636 1 0.0655566334137636 2 0.0655566334137636 3 0.0655566334137636 4 0.0655566334137636 5 0.0655566334137636 6 0.0655566334137636 7 0.0655566334137636 
 [54,65,*] 0 0.0748701598535372 1 0.0748701598535372 2 0.0748701598535372 3 0.0748701598535372 4 0.0748701598535372 5 0.0748701598535372 6 0.0748701598535372 7 0.0748701598535372 
 [54,75,*] 0 0.0623392637436155 1 0.0623392637436155 2 0.0623392637436155 3 0.0623392637436155 4 0.0623392637436155 5 0.0623392637436155 6 0.0623392637436155 7 0.0623392637436155 
 [54,85,*] 0 0.0498576374325509 1 0.0498576374325509 2 0.0498576374325509 3 0.0498576374325509 4 0.0498576374325509 5 0.0498576374325509 6 0.0498576374325509 7 0.0498576374325509 
 [54,95,*] 0 0.0398743388886654 1 0.0398743388886654 2 0.0398743388886654 3 0.0398743388886654 4 0.0398743388886654 5 0.0398743388886654 6 0.0398743388886654 7 0.0398743388886654 
 [55,15,*] 0 0.0396222032672804 1 0.0396222032672804 2 0.0396222032672804 3 0.0396222032672804 4 0.0396222032672804 5 0.0396222032672804 6 0.0396222032672804 7 0.0396222032672804 
 [55,25,*] 0 0.0495414365135866 1 0.0495414365135866 2 0.0495414365135866 3 0.0495414365135866 4 0.0495414365135866 5 0.0495414365135866 6 0.0495414365135866 7 0.0495414365135866 
 [55,35,*] 0 0.0619430613660168 1 0.0619430613660168 2 0.0619430613660168 3 0.0619430613660168 4 0.0619430613660168 5 0.0619430613660168 6 0.0619430613660168 7 0.0619430613660168 
 [55,44,*] 0 0.0705288656243547 1 0.0705288656243547 2 0.0705288656243547 3 0.0705288656243547 4 0.0705288656243547 5 0.0705288656243547 6 0.0705288656243547 7 0.0705288656243547 
 [55,45,*] 0 0.077448530508518 1 0.077448530508518 2 0.077448530508518 3 0.077448530508518 4 0.077448530508518 5 0.077448530508518 6 0.077448530508518 7 0.077448530508518 
 [55,46,*] 0 0.0705288656243547 1 0.0705288656243547 2 0.0705288656243547 3 0.0705288656243547 4 0.0705288656243547 5 0.0705288656243547 6 0.0705288656243547 7 0.0705288656243547 
 [55,54,*] 0 0.0773346631367511 1 0.0773346631367511 2 0.0773346631367511 3 0.0773346631367511 4 0.0773346631367511 5 0.0773346631367511 6 0.0773346631367511 7 0.0773346631367511 
 [55,55,*] 0 0.0968350346306257 1 0.0968350346306257 2 0.0968350346306257 3 0.0968350346306257 4 0.0968350346306257 5 0.0968350346306257 6 0.0968350346306257 7 0.0968350346306257 
 [55,56,*] 0 0.0773346631367511 1 0.0773346631367511 2 0.0773346631367511 3 0.0773346631367511 4 0.0773346631367511 5 0.0773346631367511 6 0.0773346631367511 7 0.0773346631367511 
 [55,65,*] 0 0.0774483189431917 1 0.0774483189431917 2 0.0774483189431917 3 0.0774483189431917 4 0.0774483189431917 5 0.0774483189431917 6 0.0774483189431917 7 0.0774483189431917 
 [55,75,*] 0 0.0619423853357227 1 0.0619423853357227 2 0.0619423853357227 3 0.0619423853357227 4 0.0619423853357227 5 0.0619423853357227 6 0.0619423853357227 7 0.0619423853357227 
 [55,85,*] 0 0.0495402223946239 1 0.0495402223946239 2 0.0495402223946239 3 0.0495402223946239 4 0.0495402223946239 5 0.0495402223946239 6 0.0495402223946239 7 0.0495402223946239 
 [55,95,*] 0 0.0396204817979081 1 0.0396204817979081 2 0.0396204817979081 3 0.0396204817979081 4 0.0396204817979081 5 0.0396204817979081 6 0.0396204817979081 7 0.0396204817979081 
 [56,15,*] 0 0.0398760713878685 1 0.0398760713878685 2 0.0398760713878685 3 0.0398760713878685 4 0.0398760713878685 5 0.0398760713878685 6 0.0398760713878685 7 0.0398760713878685 
 [56,25,*] 0 0.0498588593306393 1 0.0498588593306393 2 0.0498588593306393 3 0.0498588593306393 4 0.0498588593306393 5 0.0498588593306393 6 0.0498588593306393 7 0.0498588593306393 
 [56,35,*] 0 0.0623322415700327 1 0.0623322415700327 2 0.0623322415700327 3 0.0623322415700327 4 0.0623322415700327 5 0.0623322415700327 6 0.0623322415700327 7 0.0623322415700327 
 [56,44,*] 0 0.0622056752647734 1 0.0622056752647734 2 0.0622056752647734 3 0.0622056752647734 4 0.0622056752647734 5 0.0622056752647734 6 0.0622056752647734 7 0.0622056752647734 
 [56,45,*] 0 0.0748630742633906 1 0.0748630742633906 2 0.0748630742633906 3 0.0748630742633906 4 0.0748630742633906 5 0.0748630742633906 6 0.0748630742633906 7 0.0748630742633906 
 [56,46,*] 0 0.0822079731429497 1 0.0822079731429497 2 0.0822079731429497 3 0.0822079731429497 4 0.0822079731429497 5 0.0822079731429497 6 0.0822079731429497 7 0.0822079731429497 
 [56,54,*] 0 0.0655566334137636 1 0.0655566334137636 2 0.0655566334137636 3 0.0655566334137636 4 0.0655566334137636 5 0.0655566334137636 6 0.0655566334137636 7 0.0655566334137636 
 [56,55,*] 0 0.0820871082823951 1 0.0820871082823951 2 0.0820871082823951 3 0.0820871082823951 4 0.0820871082823951 5 0.0820871082823951 6 0.0820871082823951 7 0.0820871082823951 
 [56,56,*] 0 0.102785835624545 1 0.102785835624545 2 0.102785835624545 3 0.102785835624545 4 0.102785835624545 5 0.102785835624545 6 0.102785835624545 7 0.102785835624545 
 [56,65,*] 0 0.0748701598535372 1 0.0748701598535372 2 0.0748701598535372 3 0.0748701598535372 4 0.0748701598535372 5 0.0748701598535372 6 0.0748701598535372 7 0.0748701598535372 
 [56,75,*] 0 0.0623392637436155 1 0.0623392637436155 2 0.0623392637436155 3 0.0623392637436155 4 0.0623392637436155 5 0.0623392637436155 6 0.0623392637436155 7 0.0623392637436155 
 [56,85,*] 0 0.0498576374325509 1 0.0498576374325509 2 0.0498576374325509 3 0.0498576374325509 4 0.0498576374325509 5 0.0498576374325509 6 0.0498576374325509 7 0.0498576374325509 
 [56,95,*] 0 0.0398743388886654 1 0.0398743388886654 2 0.0398743388886654 3 0.0398743388886654 4 0.0398743388886654 5 0.0398743388886654 6 0.0398743388886654 7 0.0398743388886654 
 [57,57,*] 0 1 1 1 2 1 3 1 4 1 5 1 6 1 7 1 
 [58,58,*] 0 1 1 1 2 1 3 1 4 1 5 1 6 1 7 1 
 [59,59,*] 0 1 1 1 2 1 3 1 4 1 5 1 6 1 7 1 
 [60,60,*] 0 1 1 1 2 1 3 1 4 1 5 1 6 1 7 1 
 [61,61,*] 0 1 1 1 2 1 3 1 4 1 5 1 6 1 7 1 
 [62,62,*] 0 1 1 1 2 1 3 1 4 1 5 1 6 1 7 1 
 [63,63,*] 0 1 1 1 2 1 3 1 4 1 5 1 6 1 7 1 
 [64,64,*] 0 1 1 1 2 1 3 1 4 1 5 1 6 1 7 1 
 [65,25,*] 0 0.0457101717421532 1 0.0457101717421532 2 0.0457101717421532 3 0.0457101717421532 4 0.0457101717421532 5 0.0457101717421532 6 0.0457101717421532 7 0.0457101717421532 
 [65,35,*] 0 0.0571527224992528 1 0.0571527224992528 2 0.0571527224992528 3 0.0571527224992528 4 0.0571527224992528 5 0.0571527224992528 6 0.0571527224992528 7 0.0571527224992528 
 [65,44,*] 0 0.0677449241219314 1 0.0677449241219314 2 0.0677449241219314 3 0.0677449241219314 4 0.0677449241219314 5 0.0677449241219314 6 0.0677449241219314 7 0.0677449241219314 
 [65,45,*] 0 0.0714590831404509 1 0.0714590831404509 2 0.0714590831404509 3 0.0714590831404509 4 0.0714590831404509 5 0.0714590831404509 6 0.0714590831404509 7 0.0714590831404509 
 [65,46,*] 0 0.0677449241219314 1 0.0677449241219314 2 0.0677449241219314 3 0.0677449241219314 4 0.0677449241219314 5 0.0677449241219314 6 0.0677449241219314 7 0.0677449241219314 
 [65,54,*] 0 0.0813715850821133 1 0.0813715850821133 2 0.0813715850821133 3 0.0813715850821133 4 0.0813715850821133 5 0.0813715850821133 6 0.0813715850821133 7 0.0813715850821133 
 [65,55,*] 0 0.0893463406619093 1 0.0893463406619093 2 0.0893463406619093 3 0.0893463406619093 4 0.0893463406619093 5 0.0893463406619093 6 0.0893463406619093 7 0.0893463406619093 
 [65,56,*] 0 0.0813715850821133 1 0.0813715850821133 2 0.0813715850821133 3 0.0813715850821133 4 0.0813715850821133 5 0.0813715850821133 6 0.0813715850821133 7 0.0813715850821133 
 [65,65,*] 0 0.111711346484638 1 0.111711346484638 2 0.111711346484638 3 0.111711346484638 4 0.111711346484638 5 0.111711346484638 6 0.111711346484638 7 0.111711346484638 
 [65,75,*] 0 0.0893456096238769 1 0.0893456096238769 2 0.0893456096238769 3 0.0893456096238769 4 0.0893456096238769 5 0.0893456096238769 6 0.0893456096238769 7 0.0893456096238769 
 [65,85,*] 0 0.0714567472137286 1 0.0714567472137286 2 0.0714567472137286 3 0.0714567472137286 4 0.0714567472137286 5 0.0714567472137286 6 0.0714567472137286 7 0.0714567472137286 
 [65,94,*] 0 0.0542182164593975 1 0.0542182164593975 2 0.0542182164593975 3 0.0542182164593975 4 0.0542182164593975 5 0.0542182164593975 6 0.0542182164593975 7 0.0542182164593975 
 [65,95,*] 0 0.0571485273071057 1 0.0571485273071057 2 0.0571485273071057 3 0.0571485273071057 4 0.0571485273071057 5 0.0571485273071057 6 0.0571485273071057 7 0.0571485273071057 
 [65,96,*] 0 0.0542182164593975 1 0.0542182164593975 2 0.0542182164593975 3 0.0542182164593975 4 0.0542182164593975 5 0.0542182164593975 6 0.0542182164593975 7 0.0542182164593975 
 [66,66,*] 0 1 1 1 2 1 3 1 4 1 5 1 6 1 7 1 
 [67,67,*] 0 1 1 1 2 1 3 1 4 1 5 1 6 1 7 1 
 [68,68,*] 0 1 1 1 2 1 3 1 4 1 5 1 6 1 7 1 
 [69,69,*] 0 1 1 1 2 1 3 1 4 1 5 1 6 1 7 1 
 [70,70,*] 0 1 1 1 2 1 3 1 4 1 5 1 6 1 7 1 
 [71,71,*] 0 1 1 1 2 1 3 1 4 1 5 1 6 1 7 1 
 [72,72,*] 0 1 1 1 2 1 3 1 4 1 5 1 6 1 7 1 
 [73,73,*] 0 1 1 1 2 1 3 1 4 1 5 1 6 1 7 1 
 [74,74,*] 0 1 1 1 2 1 3 1 4 1 5 1 6 1 7 1 
 [75,35,*] 0 0.0499215777135461 1 0.0499215777135461 2 0.0499215777135461 3 0.0499215777135461 4 0.0499215777135461 5 0.0499215777135461 6 0.0499215777135461 7 0.0499215777135461 
 [75,44,*] 0 0.0591809324118796 1 0.0591809324118796 2 0.0591809324118796 3 0.0591809324118796 4 0.0591809324118796 5 0.0591809324118796 6 0.0591809324118796 7 0.0591809324118796 
 [75,45,*] 0 0.0624178519646446 1 0.0624178519646446 2 0.0624178519646446 3 0.0624178519646446 4 0.0624178519646446 5 0.0624178519646446 6 0.0624178519646446 7 0.0624178519646446 
 [75,46,*] 0 0.0591809324118796 1 0.0591809324118796 2 0.0591809324118796 3 0.0591809324118796 4 0.0591809324118796 5 0.0591809324118796 6 0.0591809324118796 7 0.0591809324118796 
 [75,54,*] 0 0.0739947885640877 1 0.0739947885640877 2 0.0739947885640877 3 0.0739947885640877 4 0.0739947885640877 5 0.0739947885640877 6 0.0739947885640877 7 0.0739947885640877 
 [75,55,*] 0 0.0780419565985292 1 0.0780419565985292 2 0.0780419565985292 3 0.0780419565985292 4 0.0780419565985292 5 0.0780419565985292 6 0.0780419565985292 7 0.0780419565985292 
 [75,56,*] 0 0.0739947885640877 1 0.0739947885640877 2 0.0739947885640877 3 0.0739947885640877 4 0.0739947885640877 5 0.0739947885640877 6 0.0739947885640877 7 0.0739947885640877 
 [75,65,*] 0 0.0975772705331871 1 0.0975772705331871 2 0.0975772705331871 3 0.0975772705331871 4 0.0975772705331871 5 0.0975772705331871 6 0.0975772705331871 7 0.0975772705331871 
 [75,75,*] 0 0.122003625286643 1 0.122003625286643 2 0.122003625286643 3 0.122003625286643 4 0.122003625286643 5 0.122003625286643 6 0.122003625286643 7 0.122003625286643 
 [75,85,*] 0 0.0975759441114866 1 0.0975759441114866 2 0.0975759441114866 3 0.0975759441114866 4 0.0975759441114866 5 0.0975759441114866 6 0.0975759441114866 7 0.0975759441114866 
 [75,94,*] 0 0.0740363067918971 1 0.0740363067918971 2 0.0740363067918971 3 0.0740363067918971 4 0.0740363067918971 5 0.0740363067918971 6 0.0740363067918971 7 0.0740363067918971 
 [75,95,*] 0 0.0780377182562344 1 0.0780377182562344 2 0.0780377182562344 3 0.0780377182562344 4 0.0780377182562344 5 0.0780377182562344 6 0.0780377182562344 7 0.0780377182562344 
 [75,96,*] 0 0.0740363067918971 1 0.0740363067918971 2 0.0740363067918971 3 0.0740363067918971 4 0.0740363067918971 5 0.0740363067918971 6 0.0740363067918971 7 0.0740363067918971 
 [76,76,*] 0 1 1 1 2 1 3 1 4 1 5 1 6 1 7 1 
 [77,77,*] 0 1 1 1 2 1 3 1 4 1 5 1 6 1 7 1 
 [78,78,*] 0 1 1 1 2 1 3 1 4 1 5 1 6 1 7 1 
 [79,79,*] 0 1 1 1 2 1 3 1 4 1 5 1 6 1 7 1 
 [80,80,*] 0 1 1 1 2 1 3 1 4 1 5 1 6 1 7 1 
 [81,81,*] 0 1 1 1 2 1 3 1 4 1 5 1 6 1 7 1 
 [82,82,*] 0 1 1 1 2 1 3 1 4 1 5 1 6 1 7 1 
 [83,83,*] 0 1 1 1 2 1 3 1 4 1 5 1 6 1 7 1 
 [84,84,*] 0 1 1 1 2 1 3 1 4 1 5 1 6 1 7 1 
 [85,44,*] 0 0.052676098177379 1 0.052676098177379 2 0.052676098177379 3 0.052676098177379 4 0.052676098177379 5 0.052676098177379 6 0.052676098177379 7 0.052676098177379 
 [85,45,*] 0 0.0555572337932737 1 0.0555572337932737 2 0.0555572337932737 3 0.0555572337932737 4 0.0555572337932737 5 0.0555572337932737 6 0.0555572337932737 7 0.0555572337932737 
 [85,46,*] 0 0.052676098177379 1 0.052676098177379 2 0.052676098177379 3 0.052676098177379 4 0.052676098177379 5 0.052676098177379 6 0.052676098177379 7 0.052676098177379 
 [85,54,*] 0 0.0658616988304475 1 0.0658616988304475 2 0.0658616988304475 3 0.0658616988304475 4 0.0658616988304475 5 0.0658616988304475 6 0.0658616988304475 7 0.0658616988304475 
 [85,55,*] 0 0.0694640249857515 1 0.0694640249857515 2 0.0694640249857515 3 0.0694640249857515 4 0.0694640249857515 5 0.0694640249857515 6 0.0694640249857515 7 0.0694640249857515 
 [85,56,*] 0 0.0658616988304475 1 0.0658616988304475 2 0.0658616988304475 3 0.0658616988304475 4 0.0658616988304475 5 0.0658616988304475 6 0.0658616988304475 7 0.0658616988304475 
 [85,65,*] 0 0.0868521274168885 1 0.0868521274168885 2 0.0868521274168885 3 0.0868521274168885 4 0.0868521274168885 5 0.0868521274168885 6 0.0868521274168885 7 0.0868521274168885 
 [85,75,*] 0 0.108593675051752 1 0.108593675051752 2 0.108593675051752 3 0.108593675051752 4 0.108593675051752 5 0.108593675051752 6 0.108593675051752 7 0.108593675051752 
 [85,85,*] 0 0.13577959362992 1 0.13577959362992 2 0.13577959362992 3 0.13577959362992 4 0.13577959362992 5 0.13577959362992 6 0.13577959362992 7 0.13577959362992 
 [85,94,*] 0 0.0990430664319681 1 0.0990430664319681 2 0.0990430664319681 3 0.0990430664319681 4 0.0990430664319681 5 0.0990430664319681 6 0.0990430664319681 7 0.0990430664319681 
 [85,95,*] 0 0.108591618242824 1 0.108591618242824 2 0.108591618242824 3 0.108591618242824 4 0.108591618242824 5 0.108591618242824 6 0.108591618242824 7 0.108591618242824 
 [85,96,*] 0 0.0990430664319681 1 0.0990430664319681 2 0.0990430664319681 3 0.0990430664319681 4 0.0990430664319681 5 0.0990430664319681 6 0.0990430664319681 7 0.0990430664319681 
 [86,86,*] 0 1 1 1 2 1 3 1 4 1 5 1 6 1 7 1 
 [87,87,*] 0 1 1 1 2 1 3 1 4 1 5 1 6 1 7 1 
 [88,88,*] 0 1 1 1 2 1 3 1 4 1 5 1 6 1 7 1 
 [89,89,*] 0 1 1 1 2 1 3 1 4 1 5 1 6 1 7 1 
 [90,90,*] 0 1 1 1 2 1 3 1 4 1 5 1 6 1 7 1 
 [91,91,*] 0 1 1 1 2 1 3 1 4 1 5 1 6 1 7 1 
 [92,92,*] 0 1 1 1 2 1 3 1 4 1 5 1 6 1 7 1 
 [93,93,*] 0 1 1 1 2 1 3 1 4 1 5 1 6 1 7 1 
 [94,54,*] 0 0.0683088049016565 1 0.0683088049016565 2 0.0683088049016565 3 0.0683088049016565 4 0.0683088049016565 5 0.0683088049016565 6 0.0683088049016565 7 0.0683088049016565 
 [94,55,*] 0 0.0720449762866107 1 0.0720449762866107 2 0.0720449762866107 3 0.0720449762866107 4 0.0720449762866107 5 0.0720449762866107 6 0.0720449762866107 7 0.0720449762866107 
 [94,56,*] 0 0.0683088049016565 1 0.0683088049016565 2 0.0683088049016565 3 0.0683088049016565 4 0.0683088049016565 5 0.0683088049016565 6 0.0683088049016565 7 0.0683088049016565 
 [94,65,*] 0 0.0900791375316204 1 0.0900791375316204 2 0.0900791375316204 3 0.0900791375316204 4 0.0900791375316204 5 0.0900791375316204 6 0.0900791375316204 7 0.0900791375316204 
 [94,75,*] 0 0.11262849720534 1 0.11262849720534 2 0.11262849720534 3 0.11262849720534 4 0.11262849720534 5 0.11262849720534 6 0.11262849720534 7 0.11262849720534 
 [94,85,*] 0 0.135383535722107 1 0.135383535722107 2 0.135383535722107 3 0.135383535722107 4 0.135383535722107 5 0.135383535722107 6 0.135383535722107 7 0.135383535722107 
 [94,94,*] 0 0.185599276423415 1 0.185599276423415 2 0.185599276423415 3 0.185599276423415 4 0.185599276423415 5 0.185599276423415 6 0.185599276423415 7 0.185599276423415 
 [94,95,*] 0 0.148627071722108 1 0.148627071722108 2 0.148627071722108 3 0.148627071722108 4 0.148627071722108 5 0.148627071722108 6 0.148627071722108 7 0.148627071722108 
 [94,96,*] 0 0.119019895305486 1 0.119019895305486 2 0.119019895305486 3 0.119019895305486 4 0.119019895305486 5 0.119019895305486 6 0.119019895305486 7 0.119019895305486 
 [95,54,*] 0 0.0676130881103403 1 0.0676130881103403 2 0.0676130881103403 3 0.0676130881103403 4 0.0676130881103403 5 0.0676130881103403 6 0.0676130881103403 7 0.0676130881103403 
 [95,55,*] 0 0.0713112070484469 1 0.0713112070484469 2 0.0713112070484469 3 0.0713112070484469 4 0.0713112070484469 5 0.0713112070484469 6 0.0713112070484469 7 0.0713112070484469 
 [95,56,*] 0 0.0676130881103403 1 0.0676130881103403 2 0.0676130881103403 3 0.0676130881103403 4 0.0676130881103403 5 0.0676130881103403 6 0.0676130881103403 7 0.0676130881103403 
 [95,65,*] 0 0.0891616925753186 1 0.0891616925753186 2 0.0891616925753186 3 0.0891616925753186 4 0.0891616925753186 5 0.0891616925753186 6 0.0891616925753186 7 0.0891616925753186 
 [95,75,*] 0 0.111481389789257 1 0.111481389789257 2 0.111481389789257 3 0.111481389789257 4 0.111481389789257 5 0.111481389789257 6 0.111481389789257 7 0.111481389789257 
 [95,85,*] 0 0.139390234244032 1 0.139390234244032 2 0.139390234244032 3 0.139390234244032 4 0.139390234244032 5 0.139390234244032 6 0.139390234244032 7 0.139390234244032 
 [95,94,*] 0 0.139570035827129 1 0.139570035827129 2 0.139570035827129 3 0.139570035827129 4 0.139570035827129 5 0.139570035827129 6 0.139570035827129 7 0.139570035827129 
 [95,95,*] 0 0.174289228468006 1 0.174289228468006 2 0.174289228468006 3 0.174289228468006 4 0.174289228468006 5 0.174289228468006 6 0.174289228468006 7 0.174289228468006 
 [95,96,*] 0 0.139570035827129 1 0.139570035827129 2 0.139570035827129 3 0.139570035827129 4 0.139570035827129 5 0.139570035827129 6 0.139570035827129 7 0.139570035827129 
 [96,54,*] 0 0.0683088049016565 1 0.0683088049016565 2 0.0683088049016565 3 0.0683088049016565 4 0.0683088049016565 5 0.0683088049016565 6 0.0683088049016565 7 0.0683088049016565 
 [96,55,*] 0 0.0720449762866107 1 0.0720449762866107 2 0.0720449762866107 3 0.0720449762866107 4 0.0720449762866107 5 0.0720449762866107 6 0.0720449762866107 7 0.0720449762866107 
 [96,56,*] 0 0.0683088049016565 1 0.0683088049016565 2 0.0683088049016565 3 0.0683088049016565 4 0.0683088049016565 5 0.0683088049016565 6 0.0683088049016565 7 0.0683088049016565 
 [96,65,*] 0 0.0900791375316204 1 0.0900791375316204 2 0.0900791375316204 3 0.0900791375316204 4 0.0900791375316204 5 0.0900791375316204 6 0.0900791375316204 7 0.0900791375316204 
 [96,75,*] 0 0.11262849720534 1 0.11262849720534 2 0.11262849720534 3 0.11262849720534 4 0.11262849720534 5 0.11262849720534 6 0.11262849720534 7 0.11262849720534 
 [96,85,*] 0 0.135383535722107 1 0.135383535722107 2 0.135383535722107 3 0.135383535722107 4 0.135383535722107 5 0.135383535722107 6 0.135383535722107 7 0.135383535722107 
 [96,94,*] 0 0.119019895305486 1 0.119019895305486 2 0.119019895305486 3 0.119019895305486 4 0.119019895305486 5 0.119019895305486 6 0.119019895305486 7 0.119019895305486 
 [96,95,*] 0 0.148627071722108 1 0.148627071722108 2 0.148627071722108 3 0.148627071722108 4 0.148627071722108 5 0.148627071722108 6 0.148627071722108 7 0.148627071722108 
 [96,96,*] 0 0.185599276423415 1 0.185599276423415 2 0.185599276423415 3 0.185599276423415 4 0.185599276423415 5 0.185599276423415 6 0.185599276423415 7 0.185599276423415 
 [97,97,*] 0 1 1 1 2 1 3 1 4 1 5 1 6 1 7 1 
 [98,98,*] 0 1 1 1 2 1 3 1 4 1 5 1 6 1 7 1 
 [99,99,*] 0 1 1 1 2 1 3 1 4 1 5 1 6 1 7 1 
 [100,100,*] 0 1 1 1 2 1 3 1 4 1 5 1 6 1 7 1 
;
param b0 :=
4 1.6 
 5 2 
 6 1.6 
 14 1.2 
 15 1.6 
 16 1.2 
 25 1.2 
 35 0.8 
 44 0 
 45 0 
 46 0 
 54 0 
 55 0 
 56 0 
 65 0 
 75 0 
 85 0 
 94 0 
 95 0 
 96 0 
;
param u :=
[4,*] 0 8 1 8 2 4 3 0 4 0 5 0 6 0 7 0 
 [5,*] 0 10 1 10 2 5 3 0 4 0 5 0 6 0 7 0 
 [6,*] 0 8 1 8 2 4 3 0 4 0 5 0 6 0 7 0 
 [14,*] 0 6 1 7 2 5 3 2 4 2 5 1.66666666666667 6 0.666666666666667 7 0 
 [15,*] 0 8 1 10 2 8 3 4 4 4 5 3.33333333333333 6 1.33333333333333 7 0 
 [16,*] 0 6 1 7 2 5 3 2 4 2 5 1.66666666666667 6 0.666666666666667 7 0 
 [25,*] 0 6 1 9 2 9 3 6 4 6 5 5 6 2 7 0 
 [35,*] 0 4 1 8 2 10 3 8 4 8 5 6.66666666666667 6 2.66666666666667 7 0 
 [44,*] 0 0 1 4 2 8 3 8 4 8 5 6.66666666666667 6 2.66666666666667 7 0 
 [45,*] 0 0 1 5 2 10 3 10 4 10 5 8.33333333333333 6 3.33333333333333 7 0 
 [46,*] 0 0 1 4 2 8 3 8 4 8 5 6.66666666666667 6 2.66666666666667 7 0 
 [54,*] 0 0 1 4 2 8 3 8 4 8 5 6.66666666666667 6 2.66666666666667 7 0 
 [55,*] 0 0 1 5 2 10 3 10 4 10 5 8.33333333333333 6 3.33333333333333 7 0 
 [56,*] 0 0 1 4 2 8 3 8 4 8 5 6.66666666666667 6 2.66666666666667 7 0 
 [65,*] 0 0 1 4 2 8 3 8 4 9.33333333333333 5 10 6 6.66666666666667 7 4 
 [75,*] 0 0 1 3 2 6 3 6 4 8 5 10 6 8 7 6 
 [85,*] 0 0 1 2 2 4 3 4 4 6.66666666666667 5 10 6 9.33333333333333 7 8 
 [94,*] 0 0 1 0 2 0 3 0 4 2.66666666666667 5 6.66666666666667 6 8 7 8 
 [95,*] 0 0 1 0 2 0 3 0 4 3.33333333333333 5 8.33333333333333 6 10 7 10 
 [96,*] 0 0 1 0 2 0 3 0 4 2.66666666666667 5 6.66666666666667 6 8 7 8 
;
param c :=
4 1 
 5 1 
 6 1 
 14 1 
 15 1 
 16 1 
 25 1 
 35 1 
 44 1 
 45 1 
 46 1 
 54 1 
 55 1 
 56 1 
 65 1 
 75 1 
 85 1 
 94 1 
 95 1 
 96 1 
;
